        0.499861            0.408771       1                                    
        0.340432            0.464303       1                                   
        0.610011            0.436537       1                                    
        0.441887            0.533719       1                                    
        0.517253            0.325472       1                                    
        0.485367            0.301176       1                                    
        0.496962            0.214406       1                                    
        0.488266            0.599664       1                                    
        0.302749            0.381004       1                                    
         0.69987            0.419183       1                                    
        0.638998            0.283822       1                                    
        0.360723            0.554544       1                                    
        0.360723            0.256056       1                                    
        0.636099            0.551073       1                                    
        0.557834            0.485128       1                                    
        0.418697            0.394888       1                                    
        0.395508            0.294235       1                                    
        0.482468            0.394888       1                                    
        0.459279            0.440008       1                                    
        0.563632             0.36365       1                                    
        0.595517            0.384475       1                                    
         0.58972            0.325472       1                                    
        0.578125             0.27341       1                                    
         0.54624            0.287293       1                                    
        0.534645            0.259527       1                                    
         0.54624            0.401829       1                                    
        0.560733            0.443479       1                                    
         0.61291             0.49207       1                                    
        0.578125            0.530249       1                                    
        0.665086            0.384475       1                                    
        0.650593             0.45042       1                                    
        0.320141            0.446949       1                                    
        0.349129            0.426125       1                                    
        0.395508            0.457362       1                                    
        0.485367            0.502482       1                                    
        0.514354            0.558015       1                                    
        0.386812            0.499011       1                                    
        0.407102            0.575369       1                                    
        0.441887             0.27341       1                                    
        0.453481            0.332413       1                                    
        0.398406            0.349767       1                                    
        0.343331            0.342826       1                                    
        0.424494            0.252585       1                                    
        0.554936            0.568427       1                                    
        0.633201            0.356709       1                                   
        0.438988            0.505953       1                                    
        0.383913            0.394888       1                                    
        0.450583             0.36365       1                                    
        0.502759            0.453891       1                                    
        0.401305            0.533719       1                                    
        0.183903           0.0616913       2                                    
        0.267965            0.311589       2                                    
        0.267965            0.571898       2                                    
        0.804223             0.57884       2                                    
        0.705668             0.62396       2                                    
        0.682478             0.23176       2                                    
        0.331736            0.120695       2                                    
        0.311445            0.169286       2                                    
        0.166511            0.169286       2                                    
        0.227383            0.207465       2                                    
        0.262168             0.14152       2                                    
        0.433191            0.193582       2                                    
        0.569429            0.172757       2                                    
        0.752047            0.349767       2                                    
        0.749148            0.558015       2                                    
         0.72306            0.509424       2                                    
        0.592619            0.603135       2                                    
        0.398406            0.658668       2                                    
        0.647694            0.700318       2                                    
        0.743351            0.696847       2                                    
         0.54624            0.648256       2                                    
        0.296952            0.495541       2                                    
        0.238978            0.398358       2                                    
        0.198396            0.297705       2                                    
        0.418697            0.148461       2                                    
        0.325939            0.280351       2                                    
        0.299851            0.238702       2                                    
        0.363622            0.214406       2                                    
        0.618707            0.228289       2                                    
        0.714364            0.308118       2                                    
        0.728857            0.398358       2                                    
        0.754946            0.453891       2                                    
        0.786831            0.481657       2                                    
        0.627403            0.641314       2                                    
        0.462178            0.637843       2                                    
        0.375217            0.617018       2                                    
        0.670883            0.571898       2                                    
        0.673782            0.509424       2                                    
        0.598416            0.682964       2                                    
        0.778135            0.679493       2                                    
        0.195498            0.457362       2                                    
        0.183903            0.249114       2                                    
        0.230282            0.103341       2                                    
        0.276661           0.0963992       2                                    
        0.482468            0.124166       2                                    
        0.154916            0.266468       2                                    
        0.314344            0.322001       2                                    
        0.508557             0.66908       2                                    
         0.67958            0.367121       2                                    
        0.470874            0.558015       2                                    
